
last_mod = "2017-12-03T10:12:40.0"

hz  = 5000
lat = 39.32
o_file = "/home/spiels/log/run2.csv"
i_file = "/home/spiels/log/ICRA2018/run1/2017_8_16_11_31.KVH"

rpy_align = [0,0,0]
rpy_Ro = [3.14,0,0.798]
k = [100,1000,0.005,0.00001,0.000005,0.01]